30_15_4,7527,8556,1307,1350
10_5_1,7262,8260,1252,1264
5_3_2,14494,16500,2524,2556
60_30_8,8764,10004,1535,1561
60_90_0,2154,2445,369,373
5_5_4,14494,16482,2524,2556
30_45_23,3771,4274,650,665
5_5_0,2894,3297,521,503
30_30_8,3759,4295,649,662
60_90_68,8784,9967,1525,1563
50_100_75,5804,6574,992,1034
30_30_15,5517,6272,970,974
60_120_90,6436,7294,1134,1144
10_10_8,14483,16477,2512,2580
10_20_0,1446,1638,265,256
30_15_0,5517,6281,970,974
60_30_23,27622,31408,4786,4890
50_25_0,5804,6600,993,1034
50_25_6,7626,8681,1332,1347
30_45_0,1849,2091,322,316
5_10_8,7232,8213,1272,1292
30_15_11,20722,23555,3576,3674
30_60_30,2770,3125,484,482
10_5_0,5813,6610,993,1017
60_60_15,4286,4875,758,766
10_10_0,2903,3283,513,515
50_100_50,2900,3273,513,518
30_60_15,1828,2084,330,332
60_60_0,3216,3668,567,565
10_20_5,1932,2204,322,345
5_10_0,1440,1641,271,253
50_75_19,2582,2926,465,463
10_15_11,7232,8222,1272,1292
5_3_0,4825,5500,842,860
30_45_11,2443,2760,417,437
60_120_0,1612,1827,292,275
10_20_10,2903,3274,513,515
5_10_3,2095,2361,344,348
10_15_0,1931,2199,346,334
10_15_4,2626,3007,456,464
60_60_45,12875,14631,2249,2292
30_60_0,1379,1575,237,242
10_10_5,5813,6601,993,1017
50_75_0,1917,2198,348,346
30_45_34,7533,8559,1304,1320
50_25_13,12078,13746,2083,2152
50_50_0,2900,3282,513,518
10_5_3,14494,16500,2524,2556
30_30_22,10348,11764,1799,1839
60_90_45,4302,4881,744,752
60_30_0,6436,7321,1134,1144
10_5_4,28977,32995,5036,5136
30_15_8,11825,13460,2052,2107
60_30_15,12875,14649,2249,2292
60_120_60,3216,3659,567,565
50_25_19,24157,27482,4176,4300
5_8_0,1804,2061,323,320
5_5_1,3631,4124,621,642
50_100_0,1450,1639,263,252
10_15_8,4143,4712,720,723
50_50_13,3908,4453,679,705
50_50_25,5804,6591,993,1034
5_8_2,2406,2742,422,439
50_75_38,3911,4451,689,689
60_120_30,2151,2433,376,380
5_10_5,2894,3288,521,503
10_10_3,4130,4709,731,733
5_3_1,7262,8260,1252,1264
30_30_0,2770,3134,484,482
50_50_38,12080,13726,2087,2148
60_90_23,2877,3283,512,503
5_5_3,7262,8251,1252,1264
5_8_6,7232,8222,1272,1292
10_20_15,5813,6583,993,1017
50_100_25,1939,2191,322,350
30_60_45,5517,6255,969,974
50_75_56,7632,8668,1322,1342
5_8_4,3615,4113,645,637
60_60_30,6436,7312,1134,1144
